96,35
3,2
3,1
3,3
10,155
10,125
10,183
10,205
10,295
10,85
10,107
10,13
11,14
9,5
8,9
8,11
8,5
8,16
8,2
8,3
88,3
88,1
87,3
87,1
79,5
79,4
79,3
79,2
79,1
79,0
40,3
40,2
40,1
40,0
35,3
35,2
35,1
35,0
34,4
34,3
34,2
34,1
34,0
32,3
32,2
32,1
32,0
20,3
20,2
20,1
19,3
19,2
19,1
12,3
12,2
12,1
11,30
11,29
11,28
11,27
11,26
11,25
11,24
11,22
11,21
11,20
11,19
11,18
11,17
11,16
11,15
11,13
11,12
11,11
11,10
11,9
11,8
11,7
11,6
11,5
11,4
11,3
11,2
11,1
10,315
10,304
10,303
10,297
10,293
10,291
10,287
10,283
18,1
10,90
10,86
